55.53
2.75
27.26
76.31
28.39
29.87
28.24
72.53
17.32
26.75
77.06
96.32
97.40
71.04
83.93
17.71
62.16
12.66
56.91
43.42
84.13
42.93
60.07
77.05
8.11
84.75
35.75
25.12
56.72
19.98
81.48
75.77
22.73
8.74
15.60
14.65
2.13
43.84
87.18
19.45
70.59
27.77
79.30
68.00
98.81
26.75
49.23
24.49
39.41
69.66
31.44
23.54
12.59
91.51
64.11
84.22
76.27
63.38
9.35
96.51
83.36
54.35
35.80
69.62
63.09
51.40
84.27
65.22
95.25
34.97
48.19
29.36
26.26
27.49
60.88
88.59
54.24
10.11
13.09
57.17
43.29
44.53
80.71
19.40
99.56
8.34
3.63
75.83
71.72
12.98
35.86
18.61
67.33
71.66
88.23
93.94
23.07
36.02
22.68
81.84
