52
51
49
98
83
62
83
27
76
36
2
21
31
25
73
95
78
52
75
63
2
86
17
5
80
48
78
76
41
57
91
93
60
40
92
43
2
27
23
78
63
77
51
47
54
77
42
85
29
69
48
31
7
17
88
87
65
67
16
6
76
7
52
36
47
44
32
2
71
55
32
87
84
84
34
38
61
28
75
42
49
23
25
8
40
14
95
57
81
63
16
57
70
68
93
18
64
25
20
87
32
52
74
68
88
60
59
49
40
34
43
41
10
69
49
50
83
97
60
16
60
28
25
31
48
70
1
12
48
73
99
80
77
26
1
66
38
60
67
79
46
11
20
56
80
70
59
15
67
19
31
79
47
8
10
95
78
11
59
26
84
10
59
14
88
60
80
27
72
47
58
18
58
78
75
90
0
34
5
19
5
88
99
4
96
61
51
27
73
10
5
9
72
64
23
61
76
55
88
0
3
46
19
13
76
46
56
29
32
13
0
37
2
99
41
50
13
92
29
38
54
35
47
26
51
23
39
28
30
27
80
85
25
99
99
54
97
7
83
29
20
35
66
74
35
7
25
48
51
6
86
57
41
85
84
93
60
75
73
91
55
53
76
80
5
27
86
2
34
21
32
55
57
50
29
44
10
6
92
61
13
30
71
6
67
7
51
28
82
24
71
37
30
47
70
87
27
56
89
61
78
73
68
35
24
50
31
86
56
23
99
21
5
70
28
24
77
79
4
60
56
75
97
86
75
19
25
2
76
66
15
6
40
36
93
16
86
24
2
94
99
53
16
4
24
44
28
1
75
85
13
83
60
63
69
87
82
46
89
58
13
57
16
5
93
9
21
31
33
75
25
32
28
41
88
4
37
69
58
65
54
71
48
14
86
70
2
69
16
43
79
29
52
96
34
97
5
7
28
39
34
54
23
15
95
12
19
85
81
77
50
35
1
98
1
87
68
55
8
37
51
88
66
3
84
53
1
41
12
29
32
47
83
56
14
31
68
33
68
1
63
18
88
16
68
89
55
89
97
64
26
48
52
44
3
88
97
4
81
62
86
14
9
21
70
23
4
90
8
72
43
23
90
31
39
11
72
95
0
69
11
26
69
15
22
73
3
72
77
84
34
15
50
43
37
72
18
41
62
78
14
57
2
56
88
93
67
61
40
19
82
51
97
52
66
20
25
21
92
54
58
26
70
8
21
59
81
91
0
95
69
66
53
23
23
93
17
42
54
57
62
89
9
59
41
27
79
18
49
23
72
7
1
94
67
74
53
48
65
54
96
87
72
1
10
95
94
79
38
1
37
52
90
98
11
83
77
43
1
26
66
25
85
20
72
53
94
25
53
12
31
49
99
56
2
61
51
97
41
41
98
30
93
40
80
5
23
57
48
76
36
66
53
21
86
25
26
81
3
80
45
86
81
96
42
84
57
46
33
50
87
31
32
81
71
12
38
46
22
38
74
58
56
27
79
43
5
58
76
60
38
21
98
71
17
93
7
26
39
40
29
78
23
61
11
94
74
1
92
48
39
18
6
96
46
37
91
3
95
19
15
85
40
65
9
9
58
16
87
49
57
16
80
80
30
91
27
56
93
71
4
84
90
10
32
88
99
23
43
95
42
58
32
34
75
41
95
34
58
35
35
67
3
15
47
33
7
26
89
52
50
45
36
40
55
69
28
7
44
23
2
87
33
86
73
8
28
21
42
38
56
30
5
59
45
4
93
4
83
34
56
33
80
45
73
87
66
53
94
10
76
48
49
9
35
75
69
15
96
12
53
52
94
58
63
39
62
56
44
45
43
52
78
75
97
3
62
15
56
9
78
84
9
27
45
44
54
15
59
50
79
64
54
73
22
18
12
37
26
8
34
69
61
65
44
10
68
59
78
77
20
56
13
29
35
59
26
90
26
85
92
5
2
47
30
24
65
94
61
43
3
48
13
16
13
9
78
81
20
56
10
40
12
24
70
48
35
96
38
61
33
30
18
87
29
48
12
46
42
25
90
45
73
55
13
38
16
92
72
37
48
82
29
13
58
51
61
93
99
51
54
33
33
24
20
63
72
84
9
15
62
51
12
35
6
26
26
23
70
98
12
18
80
41
31
39
93
44
84
92
95
91
77
29
15
50
44
88
34
5
3
48
57
67
36
15
93
62
90
15
60
2
34
40
44
17
31
89
62
16
81
9
7
11
90
22
61
34
10
47
92
65
96
1
33
32
16
78
94
7
94
54
61
80
46
57
97
78
46
11
94
80
21
1
91
63
23
52
50
86
